 L:           10 z:            4
 Energy:    8.0000000000000000     
 magnetization:   -4.0000000000000000     
