 L:           10 z:            4
 Energy:   -4.0000000000000000     
 magnetization:   -6.0000000000000000     
